vic_route/model_run/params/PNW/PNW.xmask
ncols        245
nrows        195
xllcorner    -125.000000000000
yllcorner    41.000000000000
cellsize     0.062500000000
NODATA_value -9999
[rows 148 to 184 of 195, columns 82 to 163 of 245]
5007 5007 6949 8565 5007 5007 5007 6949 6949 8565 5007 6949 5007 8565 5007 5007 8565 6949 5007 5007 8565 6949 5007 6949 6949 6949 5007 6949 5007 5007 5007 5007 8565 6949 5007 5007 5007 5007 6949 6949 8565 6949 5007 6949 5007 5007 6949 5007 6949 8565 5007 6949 5007 5007 5007 5007 5007 5007 5007 5007 6949 5007 5007 6949 5007 8565 8565 5007 8565 6949 8565 5007 5007 5007 5007 6949 8565 6949 5007 5007 6949 6949
6949 5012 5012 6949 8568 6949 5012 8568 5012 6949 6949 5012 5012 5012 8568 8568 5012 5012 6949 5012 5012 5012 8568 6949 6949 5012 5012 6949 5012 6949 8568 8568 5012 6949 8568 5012 5012 6949 6949 8568 6949 8568 5012 5012 5012 5012 6949 8568 5012 6949 8568 6949 8568 6949 6949 6949 8568 6949 6949 6949 8568 8568 6949 5012 8568 5012 5012 6949 5012 6949 6949 6949 8568 5012 5012 5012 6949 5012 6949 6949 5012 6949
8572 6949 5018 6949 6949 8572 8572 5018 5018 5018 8572 5018 6949 6949 8572 6949 8572 6949 5018 8572 6949 6949 5018 5018 6949 5018 5018 5018 5018 5018 5018 5018 5018 5018 5018 6949 6949 5018 5018 6949 5018 5018 8572 8572 8572 6949 8572 5018 5018 6949 5018 6949 6949 6949 5018 6949 8572 6949 5018 6949 5018 5018 6949 6949 5018 6949 8572 5018 6949 8572 5018 5018 5018 6949 6949 8572 5018 5018 5018 6949 8572 8572
6949 5023 6949 6949 5023 5023 6949 6949 8575 6949 5023 6949 6949 8575 6949 6949 5023 8575 6949 5023 6949 8575 8575 6949 5023 6949 5023 8575 8575 6949 6949 6949 5023 6949 6949 5023 6949 6949 5023 6949 6949 5023 8575 5023 5023 6949 6949 6949 5023 5023 5023 5023 5023 5023 5023 5023 5023 5023 5023 6949 5023 8575 6949 5023 5023 5023 5023 6949 5023 5023 8575 6949 8575 6949 6949 6949 6949 6949 5023 6949 8575 6949
5028 5028 5028 6949 8578 6949 6949 6949 6949 8578 5028 5028 5028 5028 6949 6949 5028 6949 6949 6949 5028 5028 5028 6949 6949 8578 5028 8578 6949 5028 6949 6949 6949 5028 6949 8578 6949 6949 8578 6949 5028 6949 6949 5028 6949 8578 5028 5028 5028 6949 5028 8578 6949 5028 5028 6949 6949 8578 5028 5028 8578 8578 6949 6949 6949 8578 5028 5028 8578 6949 6949 5028 8578 6949 8578 6949 8578 6949 8578 6949 6949 5028
6949 5033 5033 5033 5033 8581 6949 6949 6949 6949 6949 5033 5033 5033 5033 5033 6949 6949 6949 6949 8581 5033 6949 5033 6949 5033 5033 5033 6949 5033 5033 5033 8581 6949 6949 8581 6949 5033 8581 6949 5033 8581 6949 8581 5033 5033 6949 8581 5033 5033 8581 5033 8581 6949 5033 6949 6949 5033 6949 8581 6949 8581 6949 5033 5033 5033 8581 6949 5033 6949 6949 8581 5033 6949 5033 5033 5033 5033 5033 5033 5033 6949
5038 5038 8584 6949 5038 5038 8584 6949 5038 5038 5038 5038 6949 5038 5038 5038 5038 6949 6949 6949 6949 5038 6949 5038 6949 6949 8584 8584 6949 6949 5038 5038 5038 5038 5038 8584 5038 5038 5038 5038 6949 5038 5038 5038 6949 5038 8584 6949 8584 5038 5038 6949 5038 6949 5038 6949 5038 8584 5038 6949 8584 5038 5038 5038 6949 6949 5038 5038 6949 8584 5038 6949 8584 6949 5038 6949 6949 6949 8584 8584 6949 8584
6949 5044 8587 8587 6949 5044 5044 8587 6949 6949 8587 6949 5044 5044 5044 5044 8587 5044 6949 6949 6949 6949 6949 6949 5044 5044 8587 6949 6949 8587 5044 5044 5044 5044 6949 5044 8587 5044 6949 6949 6949 5044 5044 8587 5044 6949 5044 6949 5044 6949 5044 8587 6949 6949 5044 6949 5044 6949 8587 8587 6949 6949 8587 6949 8587 5044 8587 6949 5044 5044 5044 6949 5044 6949 8587 6949 5044 5044 5044 5044 5044 6949
6949 5049 5049 6949 5049 5049 5049 5049 8590 6949 5049 8590 6949 5049 5049 5049 5049 5049 5049 6949 5049 8590 6949 8590 5049 6949 6949 6949 6949 6949 6949 6949 5049 6949 6949 5049 6949 8590 8590 8590 6949 5049 5049 5049 6949 5049 6949 5049 6949 5049 6949 5049 5049 5049 8590 5049 6949 5049 5049 5049 6949 6949 6949 6949 5049 6949 6949 8590 6949 5049 6949 8590 5049 5049 5049 5049 6949 8590 6949 6949 6949 6949
5054 6949 5054 5054 5054 5054 5054 5054 5054 5054 6949 5054 5054 5054 5054 5054 5054 5054 5054 5054 6949 5054 5054 5054 5054 6949 8593 5054 5054 5054 5054 6949 8593 8593 6949 5054 6949 5054 5054 5054 6949 8593 6949 5054 6949 5054 5054 8593 6949 8593 5054 6949 5054 5054 6949 6949 8593 8593 6949 6949 5054 6949 8593 5054 6949 5054 8593 6949 5054 6949 5054 5054 6949 6949 8593 6949 6949 5054 5054 6949 6949 6949
5059 5059 5059 8596 5059 6949 5059 5059 5059 5059 5059 5059 5059 5059 5059 5059 5059 5059 5059 5059 8596 6949 8596 6949 5059 6949 5059 6949 8596 6949 8596 6949 6949 5059 8596 6949 6949 5059 8596 6949 6949 8596 5059 8596 6949 6949 5059 5059 8596 5059 8596 6949 6949 8596 8596 5059 5059 6949 8596 6949 6949 6949 6949 6949 6949 8596 6949 5059 8596 6949 8596 6949 5059 5059 5059 5059 5059 5059 5059 5059 5059 5059
6949 6949 8599 6949 6949 6949 5065 8599 5065 5065 5065 5065 5065 5065 5065 5065 5065 5065 5065 8599 6949 5065 5065 5065 6949 5065 6949 6949 5065 5065 5065 5065 6949 6949 5065 5065 5065 5065 6949 6949 6949 6949 6949 8599 5065 6949 6949 5065 5065 8599 5065 5065 5065 6949 5065 6949 8599 5065 6949 8599 6949 6949 6949 6949 5065 5065 6949 6949 6949 5065 6949 6949 6949 5065 6949 6949 6949 6949 6949 8599 6949 6949
8602 6949 6949 6949 5070 5070 6949 5070 6949 5070 8602 5070 8602 6949 5070 5070 6949 8602 5070 5070 6949 5070 6949 5070 6949 6949 5070 5070 5070 5070 8602 6949 5070 5070 5070 6949 6949 6949 8602 6949 6949 8602 6949 5070 6949 6949 5070 8602 8602 6949 8602 8602 8602 5070 5070 6949 8602 5070 6949 6949 8602 6949 6949 5070 6949 5070 6949 6949 5070 6949 6949 6949 5070 6949 5070 6949 6949 5070 5070 6949 5070 8602
5075 5075 6949 8605 6949 8605 6949 8605 6949 8605 5075 5075 6949 6949 8605 6949 6949 6949 8605 6949 8605 5075 5075 6949 8605 5075 6949 5075 6949 6949 5075 5075 5075 5075 8605 6949 8605 6949 8605 8605 6949 5075 5075 5075 5075 5075 8605 5075 8605 6949 5075 5075 5075 8605 5075 6949 6949 6949 5075 5075 5075 6949 5075 6949 6949 6949 6949 6949 6949 8605 6949 6949 6949 8605 6949 8605 6949 6949 6949 5075 6949 5075
5080 8608 6949 5080 5080 5080 6949 6949 5080 6949 6949 6949 8608 6949 5080 5080 6949 6949 5080 5080 6949 6949 5080 5080 5080 5080 5080 6949 5080 8608 5080 5080 5080 8608 6949 5080 5080 5080 5080 5080 6949 5080 6949 8608 6949 5080 6949 8608 8608 5080 5080 8608 6949 5080 5080 5080 8608 6949 6949 8608 5080 5080 5080 6949 6949 6949 6949 6949 6949 6949 6949 6949 6949 5080 6949 8608 6949 6949 5080 5080 8608 6949
5085 5085 6949 8611 5085 6949 5085 5085 6949 6949 5085 6949 6949 6949 5085 8611 6949 5085 6949 8611 5085 6949 6949 5085 6949 8611 6949 6949 8611 6949 6949 5085 5085 6949 6949 5085 6949 6949 6949 6949 8611 5085 8611 5085 5085 6949 6949 5085 6949 5085 6949 8611 5085 5085 6949 5085 6949 5085 6949 6949 6949 8611 5085 5085 8611 6949 6949 6949 6949 6949 6949 8611 5085 5085 5085 5085 5085 6949 6949 8611 5085 8611
5090 8614 6949 8614 6949 6949 8614 8614 5090 6949 8614 5090 6949 5090 6949 8614 6949 6949 5090 6949 8614 5090 6949 6949 6949 8614 6949 5090 5090 5090 8614 6949 5090 6949 6949 5090 5090 5090 5090 5090 5090 8614 5090 5090 6949 8614 5090 8614 5090 5090 6949 5090 6949 5090 5090 8614 6949 6949 5090 8614 5090 6949 6949 8614 5090 5090 5090 5090 5090 5090 5090 5090 6949 5090 5090 6949 5090 5090 5090 5090 6949 5090
6949 8617 5096 5096 8617 6949 6949 5096 5096 5096 5096 5096 6949 8617 5096 6949 6949 5096 5096 5096 8617 8617 8617 5096 6949 8617 6949 6949 5096 8617 5096 5096 5096 5096 6949 6949 8617 5096 6949 8617 6949 6949 6949 8617 8617 6949 6949 5096 5096 5096 5096 5096 8617 6949 8617 6949 6949 6949 5096 5096 6949 5096 6949 5096 6949 8617 5096 8617 6949 6949 6949 6949 5096 6949 8617 5096 6949 6949 5096 6949 5096 5096
5101 6949 5101 5101 5101 8620 5101 5101 5101 5101 5101 5101 5101 5101 8620 6949 8620 5101 8620 5101 6949 6949 6949 8620 6949 5101 5101 6949 6949 8620 5101 6949 5101 8620 6949 5101 6949 8620 5101 5101 6949 6949 5101 6949 6949 6949 5101 6949 6949 8620 5101 8620 6949 5101 6949 5101 6949 5101 5101 6949 5101 5101 6949 5101 8620 8620 6949 8620 5101 6949 6949 8620 8620 5101 6949 8620 6949 5101 5101 6949 5101 5101
5106 5106 5106 5106 5106 5106 5106 5106 5106 5106 5106 5106 5106 8624 5106 5106 6949 5106 5106 8624 8624 5106 6949 6949 6949 8624 5106 5106 6949 8624 6949 8624 5106 6949 5106 6949 5106 6949 6949 6949 5106 5106 5106 5106 5106 5106 5106 6949 6949 6949 6949 6949 6949 8624 6949 5106 8624 6949 6949 5106 6949 8624 5106 6949 6949 5106 6949 5106 5106 8624 6949 6949 6949 8624 6949 5106 5106 6949 5106 6949 6949 5106
5111 5111 5111 8627 6949 5111 5111 5111 5111 5111 5111 5111 8627 6949 8627 6949 5111 6949 5111 5111 5111 8627 6949 6949 6949 5111 5111 5111 5111 5111 5111 5111 8627 6949 6949 8627 6949 8627 5111 5111 6949 6949 5111 6949 8627 6949 6949 5111 8627 6949 6949 6949 6949 6949 8627 6949 8627 6949 5111 6949 5111 8627 5111 6949 6949 8627 5111 6949 8627 6949 6949 6949 5111 6949 5111 8627 5111 5111 5111 6949 5111 8627
5116 5116 6949 5116 5116 6949 8630 5116 5116 5116 5116 8630 6949 6949 6949 8630 6949 5116 8630 5116 6949 6949 6949 6949 6949 5116 5116 5116 6949 5116 8630 6949 8630 6949 6949 8630 5116 6949 8630 8630 5116 5116 6949 5116 8630 5116 5116 5116 5116 5116 6949 8630 5116 8630 8630 6949 6949 8630 6949 8630 8630 6949 8630 5116 6949 6949 6949 8630 5116 5116 6949 8630 8630 6949 5116 6949 5116 6949 5116 5116 8630 6949
5121 6949 5121 6949 6949 5121 6949 8633 8633 5121 8633 6949 6949 6949 6949 5121 5121 8633 6949 8633 6949 6949 6949 6949 5121 5121 5121 6949 6949 6949 6949 6949 6949 6949 8633 6949 5121 5121 6949 6949 5121 8633 5121 6949 5121 5121 5121 6949 8633 8633 8633 6949 8633 5121 5121 6949 6949 5121 5121 5121 5121 8633 6949 5121 6949 8633 6949 6949 8633 6949 8633 6949 6949 8633 6949 5121 6949 6949 8633 6949 6949 6949
6949 5126 8636 5126 5126 5126 5126 5126 5126 8636 6949 6949 5126 6949 6949 8636 5126 6949 8636 5126 5126 5126 6949 5126 5126 5126 6949 6949 6949 8636 6949 6949 6949 8636 8636 6949 8636 5126 6949 8636 5126 5126 6949 5126 6949 5126 6949 5126 5126 5126 5126 6949 5126 6949 8636 5126 6949 8636 6949 5126 6949 6949 6949 8636 5126 6949 5126 5126 6949 8636 6949 8636 5126 5126 5126 5126 6949 5126 6949 8636 5126 6949
6949 6949 5131 6949 5131 5131 6949 8639 5131 8639 6949 8639 6949 6949 6949 6949 8639 5131 5131 6949 6949 6949 8639 6949 5131 6949 6949 6949 6949 5131 6949 6949 8639 6949 5131 6949 6949 5131 5131 8639 6949 8639 5131 6949 5131 5131 5131 5131 6949 5131 5131 6949 6949 5131 5131 5131 6949 5131 6949 6949 5131 8639 6949 5131 6949 5131 6949 5131 6949 8639 8639 8639 6949 5131 5131 6949 6949 5131 6949 8639 6949 5131
6949 5137 5137 6949 5137 5137 6949 5137 5137 6949 8642 6949 8642 6949 6949 6949 5137 5137 8642 6949 5137 8642 6949 6949 6949 6949 6949 6949 5137 6949 6949 -9999 6949 8642 -9999 6949 8642 6949 5137 8642 6949 5137 6949 5137 6949 8642 5137 6949 6949 6949 5137 6949 5137 5137 6949 8642 5137 6949 8642 5137 6949 5137 5137 6949 5137 5137 6949 5137 6949 6949 5137 8642 6949 8642 5137 5137 5137 8642 6949 6949 6949 6949
6949 6949 5142 5142 8645 8645 6949 5142 5142 6949 5142 5142 5142 6949 6949 5142 6949 8645 5142 6949 6949 6949 6949 8645 5142 6949 6949 5142 8645 -9999 -9999 -9999 -9999 -9999 -9999 8645 6949 5142 8645 6949 6949 6949 8645 5142 5142 6949 8645 5142 5142 5142 6949 5142 5142 6949 5142 5142 5142 6949 8645 5142 5142 5142 5142 5142 8645 6949 5142 6949 8645 6949 5142 5142 5142 6949 5142 6949 5142 8645 8645 6949 6949 8645
6949 6949 5147 5147 5147 6949 6949 8648 5147 8648 5147 6949 5147 5147 6949 -9999 -9999 -9999 6949 5147 6949 6949 6949 -9999 8648 6949 8648 6949 5147 5147 -9999 -9999 -9999 -9999 -9999 -9999 5147 6949 8648 5147 6949 8648 6949 5147 6949 5147 6949 6949 8648 6949 8648 8648 6949 5147 5147 5147 5147 5147 5147 6949 5147 5147 8648 5147 6949 5147 6949 5147 5147 6949 5147 5147 8648 6949 6949 5147 6949 8648 5147 8648 6949 5147
6949 6949 6949 5152 6949 6949 6949 5152 5152 8651 6949 6949 8651 5152 -9999 -9999 -9999 -9999 5152 6949 -9999 -9999 -9999 -9999 6949 8651 6949 8651 5152 6949 -9999 -9999 -9999 -9999 -9999 -9999 8651 6949 5152 6949 5152 6949 8651 6949 6949 6949 6949 6949 8651 5152 6949 6949 8651 8651 6949 8651 5152 6949 6949 6949 8651 5152 6949 6949 6949 5152 6949 6949 5152 6949 8651 6949 5152 5152 6949 6949 5152 5152 6949 6949 6949 8651
6949 6949 5157 8654 5157 6949 6949 5157 6949 5157 5157 5157 6949 8654 -9999 -9999 -9999 -9999 -9999 -9999 -9999 -9999 -9999 -9999 -9999 8654 -9999 6949 -9999 -9999 -9999 -9999 -9999 -9999 -9999 -9999 -9999 8654 5157 5157 8654 6949 5157 5157 5157 6949 6949 6949 6949 8654 5157 6949 6949 6949 5157 6949 5157 6949 8654 6949 5157 8654 5157 5157 8654 6949 5157 6949 5157 8654 6949 5157 5157 6949 6949 8654 8654 6949 6949 8654 5157 5157
6949 6949 5162 5162 8657 6949 6949 5162 6949 8657 8657 6949 8657 -9999 -9999 -9999 -9999 -9999 -9999 -9999 -9999 -9999 -9999 -9999 -9999 -9999 -9999 -9999 -9999 -9999 -9999 -9999 -9999 -9999 -9999 -9999 -9999 -9999 -9999 8657 6949 5162 6949 6949 8657 5162 8657 6949 5162 6949 5162 5162 5162 5162 8657 5162 5162 5162 6949 6949 6949 8657 8657 6949 6949 8657 8657 6949 5162 6949 6949 6949 5162 8657 6949 8657 5162 8657 6949 6949 5162 6949
6949 6949 5167 8660 5167 6949 8660 8660 6949 -9999 -9999 8660 -9999 -9999 -9999 -9999 -9999 -9999 -9999 -9999 -9999 -9999 -9999 -9999 -9999 -9999 -9999 -9999 -9999 -9999 -9999 -9999 -9999 -9999 -9999 -9999 -9999 -9999 -9999 -9999 -9999 8660 5167 5167 5167 8660 6949 5167 8660 8660 6949 5167 8660 8660 6949 6949 8660 8660 6949 8660 5167 8660 5167 6949 5167 6949 5167 6949 8660 6949 5167 6949 6949 6949 6949 6949 6949 8660 6949 8660 5167 5167
5172 6949 -9999 -9999 8663 6949 5172 5172 5172 -9999 -9999 -9999 -9999 -9999 -9999 -9999 -9999 -9999 -9999 -9999 -9999 -9999 -9999 -9999 -9999 -9999 -9999 -9999 -9999 -9999 -9999 -9999 -9999 -9999 -9999 -9999 -9999 -9999 -9999 -9999 -9999 -9999 6949 5172 8663 6949 6949 8663 5172 6949 6949 6949 5172 5172 6949 6949 6949 6949 8663 6949 8663 5172 5172 6949 5172 5172 5172 6949 5172 5172 6949 6949 6949 5172 6949 6949 8663 5172 6949 5172 8663 5172
-9999 -9999 -9999 -9999 6949 6949 8666 8666 8666 -9999 -9999 -9999 -9999 -9999 -9999 -9999 -9999 -9999 -9999 -9999 -9999 -9999 -9999 -9999 -9999 -9999 -9999 -9999 -9999 -9999 -9999 -9999 -9999 -9999 -9999 -9999 -9999 -9999 -9999 -9999 -9999 -9999 5177 5177 6949 5177 6949 5177 6949 5177 5177 5177 6949 5177 6949 6949 8666 5177 5177 6949 8666 6949 5177 5177 5177 5177 6949 6949 8666 5177 5177 6949 6949 8666 5177 8666 6949 6949 6949 5177 8666 5177
-9999 -9999 -9999 -9999 -9999 6949 6949 5182 5182 -9999 -9999 -9999 -9999 -9999 -9999 -9999 -9999 -9999 -9999 -9999 -9999 -9999 -9999 -9999 -9999 -9999 -9999 -9999 -9999 -9999 -9999 -9999 -9999 -9999 -9999 -9999 -9999 -9999 -9999 -9999 -9999 -9999 -9999 5182 5182 8669 5182 6949 6949 8669 -9999 -9999 6949 6949 8669 5182 5182 5182 5182 5182 5182 8669 6949 5182 5182 -9999 6949 -9999 6949 5182 8669 6949 6949 5182 6949 8669 6949 5182 5182 8669 6949 5182
-9999 -9999 -9999 -9999 -9999 -9999 6949 5187 5187 5187 -9999 -9999 -9999 -9999 -9999 -9999 -9999 -9999 -9999 -9999 -9999 -9999 -9999 -9999 -9999 -9999 -9999 -9999 -9999 -9999 -9999 -9999 -9999 -9999 -9999 -9999 -9999 -9999 -9999 -9999 -9999 -9999 -9999 8672 6949 -9999 -9999 6949 -9999 -9999 -9999 -9999 5187 6949 8672 6949 5187 5187 8672 8672 5187 5187 6949 6949 -9999 -9999 -9999 -9999 6949 5187 5187 -9999 -9999 5187 8672 6949 5187 6949 6949 5187 5187 6949
-9999 -9999 -9999 -9999 -9999 -9999 5192 8675 5192 8675 -9999 -9999 -9999 -9999 -9999 -9999 -9999 -9999 -9999 -9999 -9999 -9999 -9999 -9999 -9999 -9999 -9999 -9999 -9999 -9999 -9999 -9999 -9999 -9999 -9999 -9999 -9999 -9999 -9999 -9999 -9999 -9999 -9999 -9999 -9999 -9999 -9999 -9999 -9999 -9999 5192 5192 8675 6949 5192 6949 5192 6949 5192 5192 6949 5192 8675 -9999 -9999 -9999 -9999 -9999 5192 6949 6949 -9999 -9999 -9999 -9999 5192 6949 6949 8675 6949 6949 6949
