vic_route/model_run/params/PNW/PNW.xmask
ncols        245
nrows        195
xllcorner    -125.000000000000
yllcorner    41.000000000000
cellsize     0.062500000000
NODATA_value -9999
[rows 111 to 147 of 195, columns 82 to 163 of 245]
4809 4809 4809 8451 6949 8451 6949 8451 4809 8451 4809 4809 6949 4809 6949 4809 6949 6949 4809 6949 8451 4809 6949 6949 6949 6949 4809 6949 4809 4809 6949 8451 8451 4809 8451 6949 6949 6949 4809 4809 8451 6949 4809 6949 4809 4809 6949 6949 6949 6949 6949 4809 6949 6949 4809 4809 6949 6949 6949 8451 6949 6949 4809 6949 6949 6949 6949 6949 4809 8451 4809 4809 4809 8451 4809 8451 4809 4809 4809 6949 8451 4809
6949 6949 6949 6949 6949 6949 6949 4814 4814 6949 8454 6949 4814 8454 6949 8454 6949 6949 4814 6949 4814 8454 6949 6949 4814 4814 6949 8454 6949 4814 6949 6949 6949 4814 6949 6949 8454 4814 8454 6949 6949 4814 6949 6949 4814 6949 4814 8454 4814 4814 6949 6949 6949 4814 6949 8454 4814 4814 8454 6949 4814 6949 6949 4814 4814 4814 8454 4814 4814 4814 6949 6949 6949 8454 6949 6949 6949 4814 8454 6949 4814 6949
8457 6949 6949 6949 4819 6949 6949 6949 6949 6949 6949 6949 8457 6949 4819 8457 4819 4819 4819 6949 4819 6949 8457 4819 6949 6949 4819 4819 8457 8457 6949 8457 8457 4819 6949 4819 6949 6949 4819 4819 6949 8457 6949 8457 8457 4819 8457 6949 4819 4819 6949 6949 6949 6949 6949 8457 4819 8457 6949 4819 4819 4819 6949 4819 8457 6949 6949 8457 6949 8457 4819 4819 4819 6949 6949 8457 4819 4819 4819 4819 4819 4819
8460 6949 6949 8460 6949 6949 8460 6949 6949 6949 6949 6949 4825 6949 8460 4825 8460 6949 4825 4825 4825 4825 4825 4825 4825 4825 4825 6949 4825 6949 4825 4825 6949 8460 8460 4825 4825 6949 8460 4825 4825 4825 4825 4825 4825 8460 6949 8460 4825 4825 6949 8460 4825 4825 6949 4825 4825 4825 4825 4825 6949 4825 6949 4825 4825 6949 4825 4825 8460 6949 6949 6949 6949 4825 4825 6949 4825 6949 4825 6949 6949 4825
6949 6949 6949 8463 6949 6949 6949 6949 6949 6949 8463 8463 4830 4830 4830 8463 4830 4830 6949 6949 6949 6949 6949 6949 4830 6949 8463 4830 8463 4830 8463 6949 4830 4830 4830 4830 6949 6949 4830 8463 6949 6949 4830 4830 6949 6949 4830 6949 4830 4830 6949 6949 6949 8463 4830 4830 6949 6949 8463 6949 4830 4830 6949 4830 6949 6949 6949 6949 4830 6949 6949 4830 4830 6949 6949 6949 4830 6949 4830 4830 6949 4830
6949 6949 6949 6949 4836 4836 4836 4836 4836 4836 4836 8466 4836 4836 4836 4836 4836 4836 6949 4836 6949 6949 6949 6949 8466 4836 4836 4836 4836 4836 6949 4836 8466 8466 4836 6949 4836 4836 8466 4836 8466 4836 4836 6949 4836 6949 4836 8466 6949 4836 8466 6949 8466 6949 6949 8466 4836 4836 6949 8466 4836 4836 6949 6949 4836 6949 6949 6949 4836 6949 6949 8466 4836 6949 4836 4836 8466 8466 4836 4836 6949 4836
4841 4841 4841 4841 6949 6949 4841 4841 6949 8470 4841 4841 4841 4841 6949 8470 4841 4841 8470 6949 6949 6949 6949 6949 4841 4841 8470 4841 4841 4841 4841 6949 8470 4841 8470 4841 6949 6949 6949 6949 4841 4841 6949 6949 6949 6949 6949 8470 6949 8470 4841 4841 6949 6949 4841 6949 6949 8470 4841 6949 4841 6949 4841 4841 4841 4841 6949 8470 4841 4841 4841 4841 4841 4841 6949 6949 6949 4841 4841 6949 6949 6949
6949 8473 6949 6949 6949 4847 6949 4847 6949 4847 4847 6949 4847 6949 4847 4847 6949 6949 4847 4847 6949 8473 4847 6949 4847 6949 6949 6949 6949 4847 8473 8473 4847 4847 6949 6949 6949 6949 6949 8473 4847 8473 6949 4847 6949 6949 4847 4847 8473 6949 8473 8473 4847 4847 6949 6949 8473 6949 4847 4847 4847 8473 6949 6949 6949 8473 4847 4847 4847 6949 4847 8473 4847 6949 4847 4847 6949 6949 8473 6949 6949 8473
6949 6949 8476 6949 6949 8476 8476 4852 6949 6949 6949 4852 4852 6949 8476 6949 6949 6949 6949 8476 6949 6949 6949 4852 4852 4852 4852 4852 4852 4852 6949 4852 4852 6949 4852 6949 8476 8476 8476 6949 8476 8476 6949 6949 4852 4852 6949 4852 4852 8476 6949 4852 6949 6949 4852 8476 6949 4852 8476 4852 4852 4852 6949 6949 4852 6949 4852 6949 4852 6949 8476 6949 4852 4852 6949 8476 6949 8476 4852 4852 4852 6949
6949 6949 4858 6949 8479 6949 4858 6949 6949 6949 6949 6949 6949 4858 4858 4858 4858 4858 4858 4858 4858 4858 4858 6949 8479 6949 6949 8479 8479 4858 6949 4858 6949 6949 4858 8479 6949 6949 4858 6949 6949 8479 6949 6949 6949 6949 8479 8479 4858 6949 4858 6949 4858 6949 4858 4858 8479 6949 6949 4858 4858 6949 4858 6949 6949 4858 8479 8479 8479 6949 4858 8479 6949 6949 4858 4858 8479 4858 6949 8479 6949 4858
8482 6949 4863 6949 8482 6949 4863 6949 6949 6949 6949 6949 6949 6949 6949 6949 6949 4863 4863 6949 8482 6949 4863 6949 6949 4863 6949 8482 4863 4863 4863 6949 6949 8482 6949 4863 4863 4863 6949 8482 8482 6949 6949 6949 4863 6949 8482 6949 6949 8482 4863 8482 8482 4863 6949 4863 4863 6949 4863 8482 6949 4863 6949 6949 8482 6949 4863 4863 6949 6949 6949 8482 4863 6949 6949 4863 8482 4863 6949 4863 4863 4863
4868 4868 4868 6949 6949 6949 8485 6949 4868 4868 4868 4868 4868 8485 6949 4868 6949 6949 4868 4868 4868 4868 6949 4868 6949 8485 4868 4868 4868 6949 4868 6949 4868 4868 6949 4868 6949 6949 8485 4868 4868 6949 6949 8485 6949 6949 6949 4868 6949 4868 8485 4868 4868 8485 4868 4868 4868 6949 6949 4868 6949 8485 6949 6949 6949 6949 4868 6949 6949 8485 8485 4868 6949 4868 4868 8485 4868 4868 4868 8485 6949 6949
6949 6949 4874 4874 6949 6949 8488 6949 4874 6949 8488 6949 4874 4874 4874 4874 6949 6949 4874 4874 8488 4874 4874 6949 4874 6949 4874 6949 4874 4874 8488 6949 8488 8488 4874 8488 4874 6949 6949 6949 4874 6949 6949 8488 6949 4874 4874 6949 6949 6949 6949 4874 4874 6949 8488 4874 4874 6949 6949 6949 8488 6949 6949 4874 4874 4874 4874 6949 4874 6949 6949 8488 4874 4874 6949 8488 6949 6949 8488 4874 8488 4874
6949 6949 6949 8491 4879 8491 6949 6949 6949 4879 6949 4879 6949 4879 4879 8491 6949 4879 4879 4879 6949 6949 6949 4879 8491 6949 6949 6949 4879 8491 6949 4879 6949 8491 4879 8491 8491 6949 4879 6949 6949 4879 4879 4879 4879 8491 4879 4879 6949 6949 8491 4879 6949 6949 4879 4879 4879 6949 4879 4879 4879 4879 4879 8491 6949 6949 6949 8491 4879 4879 4879 4879 6949 8491 4879 6949 4879 8491 6949 6949 4879 4879
4885 6949 4885 6949 6949 4885 4885 4885 4885 6949 4885 8494 6949 4885 8494 4885 8494 6949 6949 8494 4885 8494 8494 6949 4885 6949 4885 4885 8494 6949 8494 6949 4885 4885 8494 6949 4885 6949 4885 6949 4885 6949 4885 8494 4885 6949 4885 6949 4885 6949 4885 8494 4885 8494 6949 8494 6949 8494 6949 8494 6949 8494 6949 6949 6949 6949 8494 6949 6949 6949 4885 4885 4885 4885 8494 8494 6949 8494 6949 4885 6949 6949
6949 8497 6949 4890 4890 4890 4890 6949 8497 4890 6949 8497 6949 6949 4890 6949 6949 4890 6949 4890 4890 8497 6949 4890 4890 4890 6949 6949 6949 8497 4890 6949 4890 4890 4890 6949 6949 8497 4890 6949 4890 6949 6949 6949 6949 4890 6949 4890 4890 6949 4890 6949 4890 4890 4890 4890 6949 4890 8497 6949 4890 6949 4890 4890 6949 8497 6949 4890 4890 4890 6949 4890 6949 6949 6949 8497 6949 6949 8497 8497 6949 4890
4895 4895 6949 6949 4895 8501 4895 4895 6949 8501 6949 6949 8501 6949 6949 6949 8501 6949 8501 6949 8501 6949 8501 8501 6949 4895 6949 6949 4895 6949 6949 6949 4895 4895 4895 8501 6949 6949 4895 6949 4895 4895 6949 6949 6949 8501 4895 6949 8501 8501 8501 6949 6949 8501 8501 6949 6949 4895 4895 4895 6949 6949 4895 8501 8501 4895 6949 4895 4895 8501 6949 4895 4895 8501 4895 6949 6949 4895 6949 6949 6949 4895
6949 8504 4901 4901 6949 6949 6949 4901 6949 8504 6949 8504 6949 4901 6949 4901 4901 4901 4901 4901 4901 8504 4901 6949 4901 6949 8504 4901 6949 6949 6949 4901 6949 8504 4901 6949 4901 4901 6949 4901 4901 6949 6949 6949 4901 6949 4901 4901 6949 4901 6949 4901 4901 4901 6949 4901 8504 4901 4901 4901 6949 6949 4901 4901 4901 6949 4901 6949 8504 4901 4901 4901 4901 4901 4901 4901 4901 4901 4901 6949 4901 6949
4906 6949 6949 6949 4906 4906 6949 4906 6949 4906 6949 6949 6949 8507 6949 8507 4906 6949 8507 4906 6949 4906 6949 4906 6949 4906 4906 8507 4906 6949 8507 6949 6949 4906 6949 8507 4906 4906 6949 6949 6949 4906 4906 4906 4906 4906 4906 6949 4906 8507 6949 6949 4906 8507 6949 6949 6949 6949 8507 6949 8507 6949 6949 8507 4906 8507 8507 4906 6949 8507 8507 4906 8507 6949 4906 6949 4906 4906 6949 4906 4906 4906
8510 6949 4911 6949 6949 8510 4911 6949 4911 6949 6949 8510 6949 8510 4911 8510 4911 4911 6949 6949 8510 6949 6949 6949 6949 8510 4911 4911 4911 6949 8510 8510 4911 4911 4911 6949 8510 4911 4911 6949 6949 4911 6949 6949 6949 4911 6949 6949 8510 6949 8510 8510 4911 4911 4911 6949 6949 6949 4911 8510 4911 6949 4911 4911 6949 4911 4911 6949 8510 4911 6949 6949 6949 8510 4911 4911 6949 8510 6949 4911 6949 6949
6949 8513 6949 4917 8513 4917 4917 6949 4917 6949 4917 4917 4917 4917 6949 4917 6949 8513 4917 4917 4917 4917 6949 6949 8513 6949 6949 4917 8513 4917 6949 6949 4917 4917 8513 4917 4917 4917 6949 4917 6949 6949 4917 6949 6949 4917 4917 8513 6949 4917 6949 4917 8513 6949 6949 6949 4917 6949 8513 4917 6949 4917 6949 4917 4917 6949 4917 8513 4917 4917 4917 4917 4917 4917 4917 6949 6949 8513 6949 4917 4917 4917
6949 4922 8516 4922 4922 4922 4922 6949 4922 4922 4922 4922 4922 6949 6949 8516 4922 6949 6949 6949 8516 6949 4922 4922 4922 4922 4922 4922 4922 8516 8516 6949 6949 4922 4922 4922 8516 6949 4922 6949 4922 8516 6949 8516 8516 6949 4922 6949 6949 4922 4922 6949 6949 4922 6949 6949 8516 6949 8516 6949 8516 4922 4922 4922 4922 4922 6949 8516 6949 4922 6949 4922 6949 4922 6949 8516 8516 6949 6949 4922 4922 4922
4928 4928 4928 6949 8519 6949 8519 4928 4928 4928 6949 6949 6949 4928 4928 6949 6949 6949 4928 4928 6949 4928 4928 4928 4928 4928 6949 4928 6949 4928 4928 6949 6949 8519 4928 6949 4928 4928 4928 4928 8519 6949 8519 6949 4928 6949 4928 8519 6949 4928 8519 4928 6949 6949 6949 4928 4928 6949 6949 4928 6949 4928 4928 8519 8519 8519 6949 8519 6949 8519 6949 4928 4928 4928 8519 6949 4928 4928 6949 6949 6949 8519
8522 6949 4933 4933 4933 4933 4933 4933 4933 8522 6949 6949 4933 6949 8522 4933 4933 4933 4933 8522 6949 4933 6949 8522 4933 4933 6949 8522 6949 8522 6949 6949 6949 4933 4933 4933 6949 6949 8522 8522 4933 4933 4933 4933 4933 4933 8522 6949 8522 6949 8522 4933 4933 4933 6949 4933 6949 4933 6949 6949 6949 4933 6949 4933 4933 8522 6949 4933 4933 6949 8522 4933 4933 6949 6949 6949 4933 6949 6949 4933 8522 6949
6949 4938 6949 6949 4938 6949 4938 6949 6949 4938 6949 4938 8525 4938 4938 6949 6949 4938 6949 8525 6949 6949 6949 8525 6949 6949 4938 4938 6949 6949 4938 6949 6949 8525 4938 6949 6949 6949 6949 4938 4938 6949 6949 8525 4938 8525 6949 8525 8525 6949 6949 4938 8525 6949 8525 8525 8525 6949 6949 4938 8525 6949 8525 6949 8525 6949 6949 6949 8525 6949 4938 8525 4938 4938 4938 8525 6949 4938 4938 6949 6949 8525
6949 6949 4944 6949 4944 6949 8528 6949 6949 6949 6949 4944 4944 6949 8528 4944 4944 6949 4944 4944 4944 6949 4944 4944 4944 6949 4944 4944 4944 4944 4944 4944 6949 8528 6949 4944 8528 4944 6949 6949 6949 4944 4944 4944 8528 4944 6949 8528 4944 6949 4944 8528 6949 4944 4944 4944 4944 4944 4944 4944 4944 6949 4944 4944 4944 4944 6949 4944 8528 6949 4944 4944 6949 6949 4944 6949 4944 6949 4944 8528 4944 6949
6949 4949 4949 6949 4949 6949 8531 6949 8531 4949 4949 4949 6949 8531 8531 6949 6949 6949 6949 6949 6949 4949 4949 4949 4949 4949 6949 4949 6949 6949 6949 6949 6949 6949 8531 6949 4949 4949 8531 6949 4949 6949 4949 4949 6949 6949 6949 4949 4949 4949 6949 6949 8531 8531 4949 4949 4949 8531 6949 4949 8531 6949 4949 6949 4949 8531 6949 8531 8531 6949 6949 6949 4949 4949 6949 6949 8531 6949 8531 6949 4949 8531
4954 4954 4954 6949 4954 6949 6949 6949 6949 6949 6949 6949 4954 6949 6949 8535 6949 6949 6949 6949 8535 6949 8535 6949 4954 4954 4954 4954 4954 8535 6949 6949 6949 4954 4954 4954 6949 8535 4954 4954 6949 4954 4954 6949 4954 8535 8535 4954 4954 6949 4954 8535 4954 8535 6949 8535 6949 4954 4954 4954 4954 6949 8535 4954 6949 6949 6949 8535 6949 4954 4954 4954 4954 6949 4954 4954 6949 4954 4954 4954 6949 4954
4959 6949 8538 6949 8538 4959 4959 4959 4959 8538 8538 8538 6949 6949 6949 6949 6949 8538 4959 4959 8538 6949 6949 6949 6949 4959 6949 4959 6949 4959 4959 4959 4959 8538 6949 8538 8538 6949 8538 6949 8538 4959 8538 6949 8538 8538 4959 6949 6949 4959 8538 4959 4959 6949 6949 6949 4959 8538 4959 4959 4959 6949 4959 8538 6949 8538 8538 4959 6949 4959 6949 4959 4959 6949 6949 6949 6949 8538 4959 6949 6949 6949
8541 4965 6949 6949 4965 6949 6949 6949 6949 4965 4965 4965 4965 4965 4965 4965 4965 6949 8541 6949 4965 4965 4965 4965 4965 8541 6949 4965 6949 8541 6949 4965 6949 4965 6949 6949 6949 4965 6949 6949 4965 6949 6949 4965 4965 6949 4965 8541 4965 6949 4965 4965 8541 8541 4965 4965 4965 6949 4965 8541 4965 6949 4965 8541 6949 4965 4965 6949 4965 4965 4965 4965 6949 8541 6949 4965 4965 8541 4965 4965 4965 6949
6949 8544 4970 4970 4970 6949 4970 6949 6949 6949 6949 6949 6949 6949 8544 6949 6949 4970 8544 6949 6949 4970 8544 6949 6949 4970 4970 6949 6949 4970 4970 4970 8544 6949 4970 4970 8544 6949 4970 8544 8544 8544 6949 4970 6949 6949 6949 4970 4970 6949 6949 4970 4970 4970 4970 8544 6949 8544 4970 4970 4970 6949 4970 6949 8544 4970 8544 6949 8544 6949 4970 6949 6949 4970 6949 6949 8544 6949 8544 6949 6949 4970
6949 4975 8547 6949 4975 6949 4975 4975 4975 4975 4975 8547 6949 4975 6949 4975 4975 6949 6949 6949 6949 8547 8547 6949 4975 6949 4975 4975 4975 4975 8547 6949 4975 4975 8547 8547 4975 8547 6949 4975 8547 6949 6949 4975 6949 6949 8547 6949 8547 4975 4975 4975 8547 4975 4975 6949 8547 6949 4975 4975 6949 4975 8547 6949 4975 6949 4975 6949 4975 4975 6949 8547 6949 8547 6949 4975 6949 6949 4975 6949 4975 4975
8550 4981 6949 4981 6949 6949 4981 4981 4981 6949 4981 4981 4981 6949 4981 6949 4981 4981 4981 6949 6949 6949 4981 6949 4981 4981 6949 4981 4981 6949 6949 6949 6949 4981 4981 4981 6949 4981 4981 4981 6949 4981 4981 6949 8550 4981 4981 4981 6949 6949 4981 4981 6949 6949 4981 6949 4981 6949 4981 8550 6949 8550 6949 4981 4981 4981 4981 6949 6949 6949 4981 6949 6949 6949 4981 8550 6949 6949 4981 8550 6949 6949
4986 4986 4986 4986 4986 6949 4986 8553 6949 6949 8553 4986 4986 4986 6949 4986 4986 4986 4986 4986 6949 4986 4986 4986 6949 6949 6949 8553 4986 4986 4986 4986 6949 6949 8553 8553 6949 8553 6949 8553 4986 4986 4986 6949 6949 6949 8553 4986 4986 6949 6949 6949 4986 4986 4986 6949 8553 6949 4986 4986 6949 6949 6949 4986 6949 6949 4986 6949 6949 4986 6949 6949 6949 4986 4986 4986 4986 8553 4986 6949 8553 4986
6949 4991 8556 4991 4991 4991 8556 4991 8556 6949 4991 6949 6949 8556 6949 6949 8556 8556 6949 4991 8556 6949 8556 8556 4991 6949 6949 6949 4991 8556 8556 8556 4991 6949 4991 4991 6949 6949 4991 6949 8556 6949 4991 6949 6949 4991 4991 6949 6949 4991 4991 6949 4991 6949 8556 4991 4991 8556 8556 8556 6949 4991 4991 4991 6949 8556 4991 4991 4991 4991 4991 4991 4991 4991 6949 6949 6949 4991 4991 6949 6949 6949
6949 4997 8559 8559 4997 6949 4997 6949 4997 4997 4997 4997 4997 4997 6949 6949 4997 8559 6949 8559 8559 6949 6949 4997 8559 8559 6949 6949 6949 4997 4997 4997 4997 8559 6949 6949 6949 8559 6949 6949 4997 8559 6949 4997 4997 4997 6949 4997 4997 6949 8559 4997 4997 4997 8559 4997 6949 4997 4997 6949 4997 8559 6949 8559 4997 6949 6949 4997 8559 6949 8559 4997 6949 6949 8559 6949 8559 4997 4997 4997 6949 4997
6949 5002 5002 6949 8562 5002 5002 5002 6949 8562 6949 8562 8562 6949 6949 5002 5002 5002 5002 8562 6949 6949 5002 6949 6949 6949 5002 6949 5002 6949 6949 5002 6949 6949 5002 6949 6949 8562 5002 5002 8562 5002 8562 6949 8562 5002 6949 5002 8562 5002 5002 6949 8562 5002 8562 6949 6949 5002 5002 8562 5002 5002 6949 6949 6949 6949 8562 5002 6949 5002 6949 5002 6949 6949 5002 5002 6949 8562 5002 5002 6949 5002
