vic_route/model_run/params/PNW/PNW.xmask
ncols        245
nrows        195
xllcorner    -125.000000000000
yllcorner    41.000000000000
cellsize     0.062500000000
NODATA_value -9999
[rows 37 to 73 of 195, columns 82 to 163 of 245]
-9999 -9999 -9999 -9999 -9999 -9999 -9999 -9999 -9999 -9999 -9999 -9999 -9999 -9999 -9999 -9999 -9999 -9999 -9999 -9999 -9999 -9999 -9999 -9999 -9999 -9999 6949 4388 4388 6949 4388 4388 4388 4388 4388 6949 4388 8219 4388 4388 6949 4388 6949 8219 4388 6949 4388 6949 8219 4388 4388 4388 4388 4388 4388 4388 6949 4388 4388 4388 4388 4388 6949 6949 4388 6949 6949 6949 -9999 -9999 -9999 -9999 -9999 -9999 -9999 -9999 -9999 -9999 -9999 -9999 -9999 -9999
-9999 -9999 -9999 -9999 -9999 -9999 -9999 -9999 -9999 -9999 -9999 -9999 -9999 -9999 -9999 -9999 -9999 -9999 -9999 -9999 -9999 -9999 -9999 -9999 -9999 -9999 8222 4394 8222 4394 6949 4394 8222 6949 8222 4394 4394 4394 6949 8222 4394 4394 8222 6949 6949 6949 4394 6949 6949 6949 4394 6949 4394 8222 4394 4394 4394 6949 8222 4394 4394 6949 4394 6949 6949 4394 4394 6949 4394 8222 -9999 -9999 -9999 -9999 -9999 -9999 -9999 -9999 -9999 -9999 -9999 -9999
-9999 -9999 -9999 -9999 -9999 -9999 -9999 -9999 -9999 -9999 -9999 -9999 -9999 -9999 -9999 -9999 -9999 -9999 -9999 -9999 -9999 -9999 -9999 -9999 -9999 -9999 -9999 4400 6949 4400 6949 8225 6949 4400 6949 8225 6949 4400 6949 4400 6949 8225 4400 4400 8225 6949 4400 6949 8225 4400 6949 6949 4400 4400 4400 8225 6949 6949 6949 8225 6949 4400 6949 8225 6949 6949 8225 4400 4400 4400 6949 6949 6949 -9999 -9999 -9999 -9999 -9999 -9999 -9999 -9999 -9999
-9999 -9999 -9999 -9999 -9999 -9999 -9999 -9999 -9999 -9999 -9999 -9999 -9999 -9999 -9999 -9999 -9999 -9999 -9999 -9999 -9999 -9999 -9999 -9999 -9999 -9999 -9999 4406 4406 6949 4406 6949 8228 4406 6949 6949 4406 6949 4406 4406 4406 4406 6949 8228 4406 6949 4406 4406 4406 6949 4406 4406 4406 4406 4406 4406 4406 4406 6949 6949 8228 4406 8228 6949 8228 6949 6949 8228 4406 6949 4406 4406 6949 4406 -9999 -9999 -9999 -9999 -9999 -9999 -9999 -9999
-9999 -9999 -9999 -9999 -9999 -9999 -9999 -9999 -9999 -9999 6949 -9999 -9999 -9999 -9999 -9999 -9999 -9999 -9999 -9999 -9999 -9999 -9999 -9999 -9999 -9999 -9999 4412 4412 6949 4412 6949 6949 8232 4412 8232 4412 6949 4412 4412 8232 8232 6949 4412 4412 6949 4412 6949 6949 4412 8232 4412 4412 8232 4412 4412 4412 4412 4412 4412 6949 4412 4412 4412 6949 6949 8232 4412 8232 6949 6949 8232 6949 8232 -9999 -9999 -9999 -9999 -9999 -9999 -9999 -9999
-9999 -9999 -9999 -9999 -9999 -9999 -9999 -9999 -9999 -9999 6949 -9999 -9999 -9999 -9999 -9999 -9999 -9999 -9999 -9999 -9999 -9999 -9999 -9999 -9999 -9999 -9999 8235 4418 8235 4418 6949 4418 4418 4418 4418 6949 4418 4418 4418 8235 8235 6949 8235 4418 4418 6949 6949 8235 4418 6949 6949 4418 4418 8235 6949 4418 8235 6949 6949 6949 6949 4418 6949 8235 4418 8235 6949 8235 4418 4418 4418 4418 4418 6949 4418 8235 6949 -9999 -9999 -9999 -9999
-9999 -9999 -9999 -9999 -9999 -9999 -9999 -9999 -9999 -9999 4423 8238 4423 -9999 -9999 -9999 -9999 -9999 -9999 -9999 -9999 -9999 -9999 -9999 -9999 -9999 -9999 4423 6949 4423 4423 6949 4423 6949 8238 6949 8238 4423 4423 4423 4423 4423 4423 6949 6949 8238 6949 8238 4423 4423 6949 4423 8238 6949 6949 6949 8238 4423 4423 6949 6949 6949 8238 4423 4423 8238 4423 8238 6949 8238 4423 6949 6949 6949 6949 8238 4423 4423 8238 -9999 -9999 -9999
-9999 -9999 -9999 -9999 8241 4429 6949 -9999 -9999 6949 4429 6949 4429 -9999 -9999 -9999 -9999 -9999 -9999 -9999 -9999 -9999 -9999 -9999 -9999 -9999 4429 4429 8241 6949 4429 6949 4429 4429 4429 4429 6949 4429 8241 4429 8241 4429 8241 4429 8241 6949 6949 4429 6949 8241 6949 8241 6949 6949 8241 4429 4429 6949 6949 4429 6949 4429 6949 4429 4429 4429 6949 4429 6949 6949 8241 4429 6949 4429 6949 4429 6949 8241 4429 6949 -9999 -9999
-9999 -9999 -9999 4435 4435 8244 8244 4435 6949 4435 8244 8244 4435 -9999 -9999 -9999 -9999 -9999 -9999 -9999 -9999 -9999 -9999 -9999 -9999 -9999 -9999 4435 8244 4435 4435 8244 4435 4435 6949 4435 6949 4435 4435 6949 4435 4435 6949 6949 4435 4435 8244 6949 4435 4435 4435 6949 4435 4435 4435 4435 6949 8244 4435 6949 4435 4435 8244 6949 4435 4435 4435 6949 4435 4435 6949 6949 4435 6949 6949 4435 6949 8244 6949 6949 4435 4435
-9999 -9999 -9999 4441 8247 4441 8247 6949 6949 8247 4441 4441 6949 -9999 -9999 -9999 -9999 -9999 -9999 -9999 -9999 -9999 -9999 -9999 -9999 -9999 4441 4441 4441 8247 4441 4441 6949 6949 4441 4441 4441 6949 6949 4441 8247 8247 8247 6949 6949 6949 6949 8247 4441 8247 4441 4441 4441 4441 6949 4441 4441 4441 4441 4441 6949 4441 4441 6949 6949 4441 4441 6949 6949 6949 4441 4441 4441 6949 6949 4441 4441 4441 6949 8247 6949 8247
-9999 -9999 4447 4447 4447 4447 6949 8250 4447 4447 4447 4447 4447 -9999 -9999 -9999 -9999 -9999 -9999 -9999 -9999 -9999 -9999 -9999 -9999 -9999 8250 6949 6949 4447 6949 4447 8250 4447 4447 4447 4447 4447 6949 6949 6949 4447 4447 4447 4447 4447 6949 8250 6949 4447 6949 6949 4447 6949 6949 4447 6949 4447 6949 8250 4447 6949 4447 4447 6949 6949 8250 4447 4447 4447 6949 6949 6949 6949 4447 4447 4447 4447 6949 8250 4447 4447
-9999 4453 4453 4453 8254 4453 6949 4453 8254 4453 6949 6949 6949 -9999 -9999 -9999 -9999 -9999 -9999 -9999 -9999 -9999 -9999 -9999 6949 -9999 4453 8254 6949 4453 8254 6949 6949 4453 4453 8254 4453 6949 4453 6949 8254 4453 4453 4453 8254 8254 4453 6949 6949 6949 6949 4453 4453 4453 4453 6949 8254 4453 4453 4453 4453 8254 4453 4453 4453 6949 4453 4453 6949 4453 6949 4453 4453 4453 4453 4453 6949 4453 8254 6949 6949 6949
-9999 -9999 4458 6949 4458 4458 6949 8257 4458 6949 6949 4458 -9999 -9999 -9999 -9999 -9999 -9999 -9999 -9999 -9999 -9999 6949 4458 8257 4458 6949 6949 6949 4458 4458 6949 4458 6949 8257 4458 4458 4458 6949 6949 4458 6949 8257 4458 6949 4458 6949 6949 4458 8257 4458 4458 8257 6949 4458 4458 4458 6949 4458 4458 4458 4458 6949 6949 6949 6949 4458 6949 4458 6949 4458 6949 8257 6949 4458 4458 6949 4458 8257 6949 4458 8257
-9999 4464 8260 8260 6949 4464 6949 6949 4464 4464 4464 -9999 6949 4464 6949 6949 -9999 6949 6949 8260 6949 4464 4464 4464 6949 4464 6949 4464 6949 6949 4464 6949 4464 4464 4464 4464 4464 8260 4464 6949 6949 8260 4464 4464 8260 6949 4464 6949 8260 4464 6949 6949 4464 4464 4464 4464 6949 6949 4464 6949 6949 6949 6949 6949 4464 6949 4464 6949 4464 6949 8260 4464 6949 4464 4464 4464 8260 4464 6949 6949 6949 4464
6949 8263 6949 4470 4470 6949 6949 4470 4470 4470 4470 6949 6949 6949 4470 4470 4470 4470 6949 8263 4470 4470 4470 6949 4470 4470 6949 6949 4470 6949 4470 4470 4470 4470 4470 4470 8263 4470 4470 6949 8263 6949 8263 4470 4470 4470 6949 8263 6949 4470 4470 8263 6949 6949 4470 4470 6949 6949 4470 4470 4470 4470 4470 4470 4470 6949 8263 8263 4470 6949 4470 8263 6949 8263 4470 6949 6949 4470 4470 6949 6949 6949
4476 4476 8266 6949 6949 6949 4476 4476 4476 4476 4476 6949 6949 4476 4476 6949 4476 8266 6949 4476 6949 4476 6949 6949 4476 6949 8266 6949 6949 8266 4476 6949 8266 6949 8266 4476 6949 4476 4476 6949 4476 4476 4476 4476 4476 4476 4476 4476 6949 4476 4476 8266 6949 4476 6949 4476 8266 4476 8266 4476 8266 4476 6949 4476 4476 4476 6949 6949 4476 8266 8266 6949 4476 6949 4476 6949 8266 4476 4476 8266 6949 4476
4482 6949 6949 6949 8269 4482 4482 6949 8269 4482 4482 4482 4482 6949 8269 4482 4482 6949 6949 6949 8269 4482 6949 4482 4482 8269 6949 4482 6949 4482 4482 6949 6949 8269 4482 4482 4482 4482 6949 4482 4482 4482 6949 8269 6949 6949 4482 4482 6949 4482 4482 8269 6949 4482 6949 4482 4482 6949 8269 4482 6949 4482 4482 6949 8269 6949 6949 4482 4482 4482 6949 4482 6949 4482 6949 6949 4482 8269 6949 6949 8269 4482
8272 6949 6949 4487 4487 6949 6949 4487 6949 4487 8272 8272 6949 4487 4487 4487 8272 6949 8272 6949 8272 4487 6949 4487 6949 6949 4487 4487 6949 4487 4487 6949 4487 6949 4487 4487 4487 4487 6949 4487 4487 6949 4487 6949 4487 4487 4487 4487 6949 4487 4487 6949 4487 4487 4487 6949 6949 4487 4487 6949 8272 6949 4487 4487 4487 4487 6949 4487 4487 6949 4487 8272 6949 6949 4487 6949 4487 4487 4487 6949 8272 4487
6949 4493 6949 8276 6949 8276 4493 6949 6949 4493 6949 4493 6949 6949 8276 6949 4493 6949 4493 4493 6949 8276 6949 4493 8276 6949 6949 8276 6949 4493 4493 6949 4493 4493 6949 4493 6949 6949 8276 4493 4493 4493 4493 6949 4493 8276 6949 6949 4493 4493 4493 4493 8276 6949 4493 8276 6949 6949 4493 4493 6949 6949 6949 4493 4493 4493 6949 4493 6949 8276 4493 6949 4493 8276 6949 8276 6949 8276 4493 6949 4493 6949
4499 6949 4499 6949 4499 4499 8279 6949 4499 8279 6949 6949 8279 6949 6949 4499 4499 6949 4499 4499 4499 6949 8279 8279 6949 4499 4499 6949 4499 4499 8279 4499 8279 6949 4499 6949 6949 8279 4499 4499 8279 8279 6949 6949 6949 4499 6949 4499 6949 6949 8279 4499 4499 4499 4499 4499 8279 6949 8279 8279 6949 4499 8279 6949 6949 6949 4499 6949 8279 4499 4499 4499 8279 6949 8279 4499 4499 4499 4499 8279 4499 4499
4505 4505 6949 4505 6949 4505 6949 4505 4505 4505 6949 4505 6949 8282 4505 4505 4505 6949 4505 4505 8282 6949 4505 6949 6949 4505 4505 8282 4505 4505 4505 8282 4505 4505 8282 6949 8282 4505 8282 4505 6949 8282 6949 4505 4505 4505 4505 4505 4505 4505 4505 4505 8282 6949 8282 6949 4505 4505 4505 4505 4505 6949 4505 4505 4505 4505 4505 4505 6949 4505 8282 4505 6949 8282 6949 4505 6949 6949 8282 4505 4505 6949
4511 8285 6949 4511 6949 8285 4511 4511 4511 4511 4511 6949 6949 4511 6949 8285 6949 8285 4511 8285 8285 6949 8285 6949 4511 4511 4511 4511 6949 6949 8285 6949 6949 4511 4511 4511 6949 8285 6949 8285 8285 6949 4511 4511 6949 6949 6949 6949 4511 6949 4511 4511 6949 4511 4511 8285 6949 6949 6949 6949 4511 6949 4511 6949 6949 6949 8285 4511 4511 6949 4511 6949 6949 4511 4511 6949 4511 6949 4511 4511 4511 6949
6949 6949 4516 8288 6949 4516 4516 4516 4516 4516 6949 4516 6949 4516 4516 4516 6949 4516 8288 4516 4516 6949 4516 6949 4516 4516 4516 4516 6949 4516 6949 4516 4516 8288 4516 6949 4516 6949 8288 4516 4516 4516 4516 6949 4516 4516 8288 6949 4516 6949 6949 8288 6949 4516 8288 4516 6949 8288 6949 4516 8288 6949 4516 4516 4516 8288 6949 4516 4516 4516 8288 6949 4516 4516 4516 6949 4516 6949 6949 8288 4516 8288
8291 8291 6949 4522 8291 6949 6949 6949 8291 4522 4522 4522 6949 4522 4522 8291 6949 6949 4522 4522 4522 4522 6949 4522 6949 8291 4522 4522 4522 4522 6949 6949 6949 4522 6949 6949 6949 8291 6949 4522 4522 8291 6949 4522 4522 4522 4522 8291 4522 6949 8291 6949 8291 4522 4522 6949 6949 4522 8291 8291 6949 4522 4522 8291 6949 4522 6949 4522 6949 6949 4522 6949 6949 6949 8291 4522 4522 8291 6949 4522 4522 4522
6949 8294 4528 6949 4528 6949 6949 4528 4528 6949 6949 4528 4528 6949 4528 4528 6949 4528 6949 6949 4528 4528 6949 4528 4528 8294 4528 4528 6949 6949 4528 4528 4528 4528 4528 6949 8294 4528 8294 6949 4528 4528 6949 8294 4528 6949 4528 4528 8294 4528 6949 4528 4528 4528 4528 4528 6949 8294 6949 4528 8294 6949 8294 4528 6949 4528 6949 6949 4528 8294 6949 4528 6949 4528 4528 6949 8294 6949 4528 4528 8294 6949
6949 4534 6949 4534 6949 6949 4534 4534 4534 4534 4534 4534 6949 6949 8298 6949 4534 8298 6949 4534 4534 4534 8298 6949 4534 6949 8298 6949 8298 6949 6949 6949 6949 8298 8298 6949 4534 4534 4534 8298 4534 6949 6949 4534 4534 4534 4534 4534 4534 8298 4534 6949 6949 4534 6949 4534 6949 6949 4534 6949 8298 6949 4534 6949 8298 8298 4534 4534 4534 4534 4534 4534 4534 6949 6949 4534 4534 4534 8298 8298 4534 4534
4539 6949 8301 8301 6949 6949 4539 6949 8301 8301 4539 8301 4539 4539 6949 4539 4539 4539 6949 4539 4539 8301 6949 8301 8301 6949 4539 6949 6949 6949 6949 4539 8301 4539 6949 4539 4539 6949 6949 4539 4539 4539 4539 4539 4539 4539 4539 6949 4539 8301 6949 6949 8301 4539 4539 6949 6949 4539 8301 4539 4539 6949 8301 4539 6949 4539 8301 4539 6949 6949 8301 6949 4539 4539 6949 8301 8301 6949 6949 8301 4539 4539
4545 4545 6949 4545 8304 6949 4545 6949 4545 4545 4545 6949 6949 6949 6949 6949 8304 4545 8304 6949 4545 4545 6949 4545 8304 6949 6949 4545 4545 4545 6949 4545 4545 4545 6949 6949 8304 6949 4545 8304 8304 8304 6949 4545 4545 4545 8304 4545 4545 4545 4545 4545 6949 8304 6949 8304 4545 4545 4545 4545 6949 8304 4545 6949 6949 8304 6949 4545 4545 4545 8304 6949 4545 4545 6949 4545 8304 4545 6949 4545 8304 8304
4551 4551 6949 8307 4551 8307 6949 4551 8307 4551 4551 8307 6949 4551 6949 6949 8307 6949 6949 8307 4551 6949 8307 4551 6949 4551 6949 6949 4551 4551 6949 4551 6949 4551 4551 4551 6949 6949 8307 8307 6949 6949 4551 4551 6949 4551 4551 4551 8307 4551 4551 4551 6949 6949 4551 4551 8307 4551 6949 6949 4551 4551 6949 4551 6949 4551 6949 6949 6949 4551 6949 6949 8307 4551 6949 6949 8307 4551 8307 6949 4551 6949
4557 4557 6949 4557 6949 4557 6949 8310 4557 6949 4557 4557 4557 4557 4557 4557 4557 6949 8310 4557 8310 8310 4557 4557 4557 4557 6949 4557 4557 4557 4557 6949 6949 6949 8310 4557 8310 4557 4557 4557 4557 4557 8310 4557 4557 4557 4557 8310 4557 4557 8310 6949 6949 4557 8310 4557 6949 6949 6949 4557 4557 8310 4557 4557 4557 6949 4557 8310 4557 4557 6949 4557 4557 8310 8310 4557 6949 8310 4557 4557 6949 4557
6949 6949 4562 4562 4562 4562 8313 4562 6949 4562 6949 4562 4562 6949 6949 8313 6949 8313 4562 6949 4562 4562 6949 6949 6949 6949 6949 4562 4562 4562 4562 8313 4562 6949 4562 4562 4562 6949 8313 6949 6949 4562 4562 6949 8313 4562 6949 4562 4562 6949 4562 4562 4562 6949 8313 8313 4562 4562 6949 8313 8313 6949 6949 4562 6949 4562 4562 6949 4562 4562 4562 4562 4562 4562 4562 6949 4562 4562 6949 4562 8313 6949
4568 6949 6949 6949 8316 4568 4568 6949 4568 8316 4568 4568 4568 6949 4568 4568 4568 4568 4568 4568 4568 6949 4568 6949 4568 4568 6949 4568 4568 4568 6949 4568 6949 4568 6949 6949 6949 4568 4568 6949 6949 8316 4568 6949 8316 4568 6949 4568 6949 4568 4568 8316 6949 6949 6949 6949 4568 4568 4568 6949 4568 6949 8316 6949 6949 6949 6949 6949 6949 6949 6949 8316 8316 4568 6949 4568 4568 4568 8316 6949 4568 8316
4574 4574 4574 6949 4574 8319 4574 6949 4574 6949 4574 4574 6949 4574 4574 8319 6949 6949 6949 6949 6949 6949 6949 4574 4574 4574 4574 6949 4574 6949 6949 4574 4574 4574 6949 4574 4574 4574 6949 8319 6949 8319 4574 4574 4574 4574 8319 6949 6949 6949 6949 8319 8319 4574 4574 4574 6949 4574 4574 6949 8319 4574 4574 6949 8319 4574 4574 4574 6949 8319 6949 4574 8319 6949 4574 4574 6949 6949 4574 6949 4574 4574
4579 4579 4579 6949 4579 4579 4579 6949 4579 4579 6949 6949 6949 4579 4579 6949 4579 4579 6949 4579 6949 4579 4579 4579 8323 4579 6949 8323 6949 6949 4579 8323 6949 8323 4579 6949 8323 4579 4579 6949 4579 6949 4579 8323 6949 8323 6949 4579 6949 6949 8323 4579 4579 4579 4579 4579 6949 4579 8323 6949 4579 4579 4579 8323 6949 6949 4579 6949 4579 4579 4579 4579 4579 6949 4579 8323 4579 8323 6949 4579 4579 4579
4585 4585 4585 6949 4585 8326 6949 4585 4585 4585 4585 4585 8326 4585 6949 6949 8326 8326 4585 6949 6949 8326 8326 8326 6949 8326 4585 8326 6949 6949 4585 6949 8326 6949 4585 6949 4585 4585 4585 6949 4585 4585 6949 8326 4585 4585 6949 4585 6949 4585 4585 4585 4585 4585 4585 4585 6949 8326 4585 4585 4585 4585 8326 4585 6949 4585 8326 6949 8326 4585 6949 8326 8326 6949 6949 8326 6949 8326 6949 6949 4585 4585
8329 6949 8329 6949 6949 4591 6949 4591 8329 4591 4591 4591 4591 6949 4591 4591 4591 4591 6949 4591 4591 4591 8329 6949 4591 4591 6949 4591 6949 4591 8329 6949 4591 6949 8329 4591 8329 6949 4591 6949 4591 6949 4591 8329 8329 6949 4591 8329 6949 8329 4591 4591 8329 4591 4591 6949 6949 6949 8329 6949 8329 4591 4591 6949 4591 4591 4591 8329 6949 8329 4591 4591 4591 8329 6949 8329 6949 4591 4591 6949 4591 4591
6949 8332 4596 6949 4596 4596 6949 6949 8332 4596 8332 6949 4596 6949 8332 4596 4596 4596 6949 6949 4596 8332 4596 4596 4596 4596 8332 6949 6949 4596 4596 6949 4596 4596 4596 4596 4596 8332 6949 4596 6949 6949 8332 4596 4596 4596 4596 4596 6949 4596 4596 4596 6949 4596 4596 6949 4596 4596 4596 4596 8332 6949 4596 4596 6949 4596 6949 6949 8332 6949 6949 4596 6949 4596 6949 4596 4596 4596 8332 6949 4596 8332
